0.005579538975319704
0.04343002711808694
0.0036496350364963502
0.014593752562105437
0.0077361897726339985
0.00368429670869494
0.03526510480887793
0.014302153542659872
0.0064804147465437785
0.002448761214914808
0.013463438735177866
0.025071868583162217
0.00799604319511994
0.008644053876478318
0.006607025607353907
0.004030616399316017
0.03358392901158491
0.00205456936226167
0.04198268755152514
0.03155818540433925
0.00755770968536926
0.0025883319638455218
0.0014202206487732587
0.005828321937556636
0.049653579676674366
0.006566527127965197
0.0058043800428124485
0.0046660715734804835
0.017823369788668695
0.02963069583813127
0.0041990987300286765
0.003492767915844839
0.02938398357289528
0.006694595038606867
0.011022167487684729
0.006355414324126131
0.03301615946189812
0.05054846103470858
0.012711169427587338
0.02619262665243452
0.009969639780093542
0.012120840487286403
0.00665735185337388
0.028570250659630606
0.005212180907822376
0.009421182266009851
0.018296169239565466
0.004430797131316462
0.029625225520747908
0.042338544650896294
0.0038912099614975015
0.015142833756241304
0.0038433081223281816
0.0034229828850855745
0.006867905905576575
0.0174375616168255
0.010673469387755102
0.00334020618556701
0.0016390755613833797
0.008501440922190202
0.0077232766411962864
0.008581752484191508
0.03028999754239371
0.023454201611577043
0.008449548810500411
0.01655030800821355
0.001277297074577668
0.0009169451463036922
0.05960373342066481
0.02050789236934653
0.0701883701883702
0.003477938755350675
0.0014789556929523653
0.010849872354442888
0.027096933119842345
0.02336640157415758
0.024592513719387338
0.0028315824031516744
0.00205896886839071
0.03140641667350456
0.011686075118910939
0.028817673194010202
0.007259713701431493
0.12299192693468156
0.02414445541296479
0.003824642210889949
0.01677041526742567
0.0017581878398822423
0.0038180474587404547
0.0017996646079594257
0.003797520321865506
0.04794241200701497
0.00420047537087124
0.012169051142904128
0.017425669588008844
0.01966383812010444
0.20719459993414555
