0.0
0.0
0.0
0.009533898305084746
0.0
0.0
0.004122766834631242
0.0
0.0
0.0
0.0
0.0
0.0
0.0
0.02091503267973856
0.0
0.0
0.0
0.00038109756097560977
0.0
0.0
0.0
0.0
0.0
0.0011131725417439704
0.0
0.0
0.0
0.0
0.0013333333333333333
0.0
0.02102803738317757
0.004096495220755576
0.0
0.0
0.006420545746388443
0.0
0.0009188361408882082
0.0
0.0
0.0
0.0006891798759476223
0.0
0.0005353319057815846
0.0
0.0
0.03051643192488263
0.0
0.0
0.0062050947093403004
0.0
0.0
0.0
0.024077046548956663
0.0
0.0
0.0
0.0011961722488038277
0.0
0.0
0.023776223776223775
0.004459308807134894
0.014719848053181387
0.021669341894060994
0.004195804195804196
0.0011547344110854503
0.0
0.003703703703703704
0.04164368450082736
0.010766307789740342
0.01627906976744186
0.010638297872340425
0.0
0.0236275191104934
0.021029330381848368
0.01597444089456869
0.023255813953488372
0.0063006300630063005
0.0
0.015200368493781667
0.032766990291262135
0.014031300593631947
0.024033437826541274
0.015250876925423212
0.004053271569195136
0.030844155844155844
0.0537280701754386
0.0
0.0
0.0032822757111597373
0.0007462686567164179
0.0021652832912306026
0.016059957173447537
0.013449367088607595
0.0021598272138228943
0.04668435013262599
0.013487288957888609
