0.0
0.0
0.0
0.00853658536585366
0.0
0.0
0.0
0.0
0.0
0.0
0.0
0.0
0.0
0.0
0.01415929203539823
0.0
0.0
0.0
0.0
0.0
0.0
0.0
0.0
0.0
0.0
0.0
0.0
0.0
0.0
0.0
0.0
0.02033271719038817
0.0026652452025586353
0.0
0.0
0.004081632653061225
0.0
0.0006756756756756757
0.0
0.0
0.0
0.0
0.0
0.0006176652254478073
0.0
0.0
0.024186046511627906
0.0
0.0
0.0037821482602118004
0.0
0.0
0.0
0.014742014742014743
0.0
0.0
0.0
0.0
0.0
0.0
0.01282051282051282
0.004431314623338257
0.007637752318603383
0.014202172096908938
0.003436426116838488
0.0011961722488038277
0.0
0.0
0.030211480362537766
0.005319148936170213
0.007051803634391104
0.009633911368015413
0.0
0.017509727626459144
0.015537600994406464
0.011441647597254004
0.014867485455720749
0.003110419906687403
0.0
0.009554140127388535
0.018571428571428572
0.007883565797453002
0.01849217638691323
0.00774703557312253
0.00205620287868403
0.02112676056338028
0.04568527918781726
0.0
0.0
0.0
0.0
0.0
0.013816925734024179
0.004123711340206186
0.0011074197120708748
0.036279683377308705
0.007224445963096749
