0.001422475106685633
0.0
0.0
0.009868421052631578
0.0
0.0024813895781637717
0.009149828440716736
0.0
0.001105583195135434
0.0
0.00045558086560364467
0.0
0.0
0.0007423904974016332
0.02204724409448819
0.0009881422924901185
0.0
0.0
0.0006191950464396285
0.00030959752321981426
0.0
0.0
0.0
0.0
0.002031144211238998
0.0
0.0
0.0017761989342806395
0.0
0.0020325203252032522
0.0
0.018929503916449087
0.006899055918663762
0.0
0.0
0.006586169045005488
0.0
0.004710808688824915
0.0
0.0
0.0
0.00046816479400749064
0.000966183574879227
0.0013117621337997377
0.0
0.0
0.034918723660445516
0.0
0.0
0.00891218872870249
0.0007558578987150416
0.0
0.0011494252873563218
0.026137463697967087
0.0
0.0
0.0008257638315441783
0.0028776978417266188
0.0
0.0
0.022872827081427266
0.009870918754745633
0.02735562310030395
0.04115523465703971
0.008579599618684462
0.003215434083601286
0.0006743088334457181
0.0031479538300104933
0.059691011235955056
0.018604651162790697
0.028558161133039238
0.00974025974025974
0.0
0.025974025974025976
0.029305680793507663
0.018193424832428983
0.035822183858437634
0.006598984771573604
0.0009487666034155598
0.018631314940881404
0.050044682752457555
0.02301346070343031
0.026134800550206328
0.030110262934690414
0.01038961038961039
0.03861386138613861
0.055640243902439025
0.0
0.0
0.0036144578313253013
0.0017969451931716084
0.005542875774372351
0.014753046824887749
0.02383419689119171
0.017400204708290685
0.0526720492118416
0.03076923076923077
