0.004030903594222372
0.00841645885286783
0.0
0.020417967811674275
0.0012004801920768306
0.010064043915827997
0.027492547201059953
0.00117813383600377
0.002886994775914215
0.0
0.0040011037527593815
0.0061433447098976105
0.00030197795560924054
0.003872216844143272
0.01525331396404576
0.00554350445890576
0.006132282084975909
0.0
0.005320465231378372
0.011070559610705596
0.003029155622870125
0.0020847810979847115
0.0016106301590497283
0.0011117287381878821
0.010223765432098766
0.00018426386585590566
0.0
0.011980531636091352
0.0028916929547844372
0.00892049127343245
0.0
0.010693553315001528
0.021801491681009755
0.008311688311688312
0.0
0.007042253521126761
0.0012172854534388314
0.02132305716120745
0.0
0.0
0.004966442953020134
0.007595299512754371
0.007082779991146525
0.010912698412698412
0.0
0.0
0.03841205660724131
0.0
0.001463771651622347
0.028340529170818113
0.0011092623405435386
0.0
0.002206964198136341
0.014822134387351778
0.0026231965523702454
0.00010061374383740819
0.01676829268292683
0.005343783398646241
0.0008587376556462001
0.0
0.021480221182475542
0.02273684210526316
0.050791753809381536
0.06471389645776567
0.009199012788871438
0.0064516129032258064
0.0012085153853304824
0.0037560760053026955
0.10378218272955116
0.03244274809160305
0.07706008074091665
0.006382130035899481
0.0
0.02425526904509596
0.048165536428447224
0.03350707371556218
0.04664459825458923
0.0048638132295719845
0.0026320736980635457
0.03414634146341464
0.06359781950333132
0.04582338902147971
0.024054982817869417
0.11650666418119117
0.03158805711813068
0.020660175730230348
0.04702681694520015
0.002
0.0011467889908256881
0.004132231404958678
0.004872700694359849
0.017928666793820332
0.009505129752564876
0.026836779586449627
0.06940874035989718
0.054266514517560545
0.1440065681444992
