0.008150211492829877
0.04341061148280691
0.00031635558367605187
0.0240120060030015
0.006622516556291391
0.008555133079847909
0.03867965682710484
0.007191521574564724
0.004951937081270026
0.001413760603204524
0.00980392156862745
0.016050420168067226
0.003797631307929969
0.007240038872691934
0.013347236704900938
0.005755882850854918
0.0199244966442953
0.00031665611146295124
0.0169385905279855
0.0243361540706157
0.00746775288526816
0.003732825033754269
0.002271395076201641
0.006871868289191124
0.03301540719002201
0.0024939432806042466
0.0033259423503325942
0.00878445152080817
0.0113333990341973
0.020208491060509
0.0012339150361360832
0.007901875221134568
0.032082859669066564
0.011950427854824431
0.006346967559943582
0.0071480368797265095
0.005306555637194873
0.0435085497150095
0.0005951318216985063
0.004257288292457195
0.008962581223392337
0.010189143292147332
0.007994186046511628
0.024131602202433555
0.00043453070683661645
0.0006286342920006286
0.03399781540141999
0.0009593640786678544
0.01529957556016188
0.04384619453112604
0.0030417736920373122
0.002886002886002886
0.004925299622393696
0.007748830995323981
0.006181363845597422
0.002023511273848526
0.016615653694796676
0.005193142206729743
0.0020770663228763787
0.0
0.01816354923481218
0.018948755972977425
0.05144291091593475
0.056163559831629586
0.012352187994275815
0.012302284710017574
0.0012364760432766616
0.0019892884468247895
0.10746645257483656
0.03407460545193687
0.0853796751038912
0.005662597440800118
7.666360012266176e-05
0.017605811431165817
0.04345955249569707
0.03573037081519291
0.04324357108199903
0.004661768431720294
0.0025496141124586548
0.038379297110587206
0.03783499737256963
0.04981368895861934
0.016553692472351052
0.17204358508706336
0.04116207567296229
0.012377963737796373
0.034659521174346127
0.0031323414252153485
0.0018135106543750944
0.003468646685816487
0.005434782608695652
0.027704485488126648
0.007096323871568172
0.022172425993631326
0.07241298761971501
0.039143964623027785
0.2703185471866627
