0.0031746031746031746
0.0011746280344557558
0.0
0.014285714285714285
0.0
0.010139416983523447
0.015151515151515152
0.0
0.001747742499271774
0.0
0.001884760366182014
0.0008288437629506838
0.0
0.0021253985122210413
0.017521902377972465
0.0027100271002710027
0.0
0.0
0.0023835319609967496
0.0029227557411273487
0.0007527286413248024
0.0005330490405117271
0.0
0.0
0.002520302436292355
0.0
0.0
0.01125703564727955
0.0019065776930409914
0.003719200371920037
0.0
0.015442690459849005
0.015182186234817813
0.0023752969121140144
0.0
0.007170795306388526
0.00035075412136092597
0.011206724034420652
0.0
0.0
0.0013842746400885937
0.003033645890788748
0.005058168942842691
0.003267003267003267
0.0
0.0
0.03536857781087118
0.0
0.0
0.013576343686070299
0.0012274959083469722
0.0
0.0005803830528148578
0.017560512577123873
0.0008944543828264759
0.0
0.006363191385217817
0.005709935287400076
0.0
0.0
0.024733268671193017
0.01910551454624403
0.03897136797454931
0.05571677307022635
0.010411244143675169
0.0034542314335060447
0.0010999083409715857
0.003567787971457696
0.08275862068965517
0.026546091015169197
0.045200892857142856
0.00887705281846427
0.0
0.026705511046370478
0.04027474242897284
0.026414350482948944
0.04241071428571429
0.004470155140678412
0.0017953321364452424
0.024816828173008745
0.06635891517599539
0.03276269185360094
0.025834658187599363
0.061672388425698874
0.020754716981132074
0.028379772961816305
0.05459702198061924
0.0
0.0
0.00514839491217444
0.003196459306614212
0.012419006479481642
0.010803511141120865
0.027503736920777278
0.03272727272727273
0.0587952963762899
0.0645933014354067
